778.279
778.737
779.195
779.652
780.108
780.561
781.015
781.468
781.919
782.369
782.818
783.265
783.715
784.166
784.617
785.068
785.517
785.97
786.422
786.875
787.326
787.778
788.23
788.682
789.134
789.586
790.04
790.497
790.956
791.416
791.872
792.328
792.788
793.249
793.709
794.17
794.632
795.098
795.563
796.025
796.49
796.957
797.425
797.891
798.358
798.827
799.295
799.761
800.229
800.696
801.162
801.627
802.095
802.559
803.025
803.494
803.962
804.435
804.909
805.383
805.858
806.334
806.808
807.285
807.763
808.239
808.713
809.192
809.668
810.143
810.621
811.099
811.576
812.051
812.528
813.004
813.481
813.96
814.441
814.918
815.392
815.869
816.344
816.817
817.289
817.759
818.23
818.7
819.165
819.636
820.101
820.565
821.028
821.491
821.951
822.414
822.876
823.337
823.796
824.255
824.716
825.182
825.642
826.099
826.56
827.026
827.492
827.954
828.415
828.883
829.355
829.823
830.288
830.756
831.226
831.693
832.159
832.627
833.096
833.563
834.03
834.496
834.963
835.431
835.9
836.365
836.829
837.295
837.762
838.228
